197575483 193458045 1
207097865 180793385 1
47244926 43472736 1
119922680 158586279 1
126827417 125676552 1
194082118 181999886 1
195640621 205679562 1
145405386 166402745 1
203550265 203631855 1
190493223 169121027 1
122741449 156107177 1
63434426 59118300 1
203388545 200319218 1
137619126 201488110 1
188855794 211162106 1
161800800 174467589 1
177143186 195383120 1
171569904 201336349 1
167196856 184082626 1
205736815 203246838 1
204080549 194138963 1
152989526 151613669 1
206787843 214244186 1
165508247 186155761 1
210656175 214438936 1
9870786 135872821 1
71962424 72926876 1
80937104 75421787 1
207722836 191884385 1
168852810 173586424 1
196970122 170857589 1
175353652 174171980 1
202869055 209490594 1
138846014 138567723 1
146894341 206942320 1
203631816 200361585 1
175179793 176114818 1
191051636 82539970 1
170424906 171804104 1
214996997 214996673 1
207382129 209128971 1
140034483 198734216 1
210837002 197436134 1
147539809 164679963 1
207849268 152200656 1
180284668 182573835 1
182921517 180707863 1
135577648 145021525 1
211728352 211160844 1
55032335 26790381 1
165298971 162257883 1
185528350 185581778 1
134214168 136760067 1
127486015 132637947 1
175904672 176859783 1
202059322 206675931 1
207536310 195612294 1
172524132 168223398 1
207192922 213691967 1
204869123 199352874 1
193622516 185843977 1
207771028 212535115 1
139266771 129973601 1
172963177 179030233 1
166968729 162758026 1
128264657 127010272 1
151124450 150336320 1
185796851 180941396 1
146243668 172519234 1
106039171 205857013 1
140636324 174488851 1
99912896 87246800 1
195864664 208816674 1
103162710 108227888 1
207217572 207205686 1
176170775 175555797 1
195462928 192290621 1
211462844 208002059 1
175972809 194497182 1
173492789 177475066 1
